{
    "batchName": "Maxwell",
    "batchTime": 1667910198,
    "boardConf": "IR-C00M01-00",
    "boardCustom": "",
    "boardName": "DM9098",
    "boardOptions": 4,
    "boardRev": "R6M2E6",
    "cameraData": [
        [
            1,
            {
                "cameraType": 0,
                "distortionCoeff": [
                    12.564205169677734,
                    75.54443359375,
                    -0.0013939596246927977,
                    0.002044397871941328,
                    158.77108764648438,
                    12.561107635498047,
                    71.77922058105469,
                    171.51808166503906,
                    0.0,
                    0.0,
                    0.0,
                    0.0,
                    0.0,
                    0.0
                ],
                "extrinsics": {
                    "rotationMatrix": [
                        [
                            0.9999271631240845,
                            0.007368677761405706,
                            -0.009557884186506271
                        ],
                        [
                            -0.007407249882817268,
                            0.9999645352363586,
                            -0.0040065571665763855
                        ],
                        [
                            0.0095280222594738,
                            0.00407706294208765,
                            0.9999462962150574
                        ]
                    ],
                    "specTranslation": {
                        "x": -7.5,
                        "y": 0.0,
                        "z": 0.0
                    },
                    "toCameraSocket": 2,
                    "translation": {
                        "x": -9.337876319885254,
                        "y": 0.01126292534172535,
                        "z": 0.5819664597511292
                    }
                },
                "height": 800,
                "intrinsicMatrix": [
                    [
                        801.6862182617188,
                        0.0,
                        671.04248046875
                    ],
                    [
                        0.0,
                        802.7742309570313,
                        394.1647033691406
                    ],
                    [
                        0.0,
                        0.0,
                        1.0
                    ]
                ],
                "lensPosition": 0,
                "specHfovDeg": 71.86000061035156,
                "width": 1280
            }
        ],
        [
            0,
            {
                "cameraType": 0,
                "distortionCoeff": [
                    -42.46037292480469,
                    783.6083984375,
                    -0.0009789277100935578,
                    0.0018977634608745575,
                    -373.1701965332031,
                    -42.502010345458984,
                    785.2222290039063,
                    -415.0745544433594,
                    0.0,
                    0.0,
                    0.0,
                    0.0,
                    0.0,
                    0.0
                ],
                "extrinsics": {
                    "rotationMatrix": [
                        [
                            0.9999757409095764,
                            0.0009213323937729001,
                            -0.006906070746481419
                        ],
                        [
                            -0.0009547257795929909,
                            0.9999878406524658,
                            -0.004833630286157131
                        ],
                        [
                            0.006901533808559179,
                            0.00484010623767972,
                            0.9999644756317139
                        ]
                    ],
                    "specTranslation": {
                        "x": 5.099999904632568,
                        "y": 0.0,
                        "z": 0.0
                    },
                    "toCameraSocket": 3,
                    "translation": {
                        "x": 3.4551334381103516,
                        "y": -0.005429903045296669,
                        "z": 0.0015604847576469183
                    }
                },
                "height": 2160,
                "intrinsicMatrix": [
                    [
                        3115.600830078125,
                        0.0,
                        1902.181396484375
                    ],
                    [
                        0.0,
                        3115.165771484375,
                        1104.000244140625
                    ],
                    [
                        0.0,
                        0.0,
                        1.0
                    ]
                ],
                "lensPosition": 135,
                "specHfovDeg": 68.7938003540039,
                "width": 3840
            }
        ],
        [
            2,
            {
                "cameraType": 0,
                "distortionCoeff": [
                    -5.7941718101501465,
                    43.51420593261719,
                    0.0006222482188604772,
                    0.0028314904775470495,
                    -76.99513244628906,
                    -5.934131145477295,
                    44.1004524230957,
                    -77.70004272460938,
                    0.0,
                    0.0,
                    0.0,
                    0.0,
                    0.0,
                    0.0
                ],
                "extrinsics": {
                    "rotationMatrix": [
                        [
                            0.999984085559845,
                            -0.0026483265683054924,
                            0.004977735690772533
                        ],
                        [
                            0.002628694986924529,
                            0.9999887347221375,
                            0.003946271259337664
                        ],
                        [
                            -0.004988130647689104,
                            -0.00393312331289053,
                            0.9999798536300659
                        ]
                    ],
                    "specTranslation": {
                        "x": 3.75,
                        "y": 0.0,
                        "z": 0.0
                    },
                    "toCameraSocket": 0,
                    "translation": {
                        "x": 5.13279914855957,
                        "y": 0.12241204082965851,
                        "z": -1.0250426530838013
                    }
                },
                "height": 800,
                "intrinsicMatrix": [
                    [
                        808.3448486328125,
                        0.0,
                        652.6820678710938
                    ],
                    [
                        0.0,
                        809.3939819335938,
                        391.5088195800781
                    ],
                    [
                        0.0,
                        0.0,
                        1.0
                    ]
                ],
                "lensPosition": 0,
                "specHfovDeg": 71.86000061035156,
                "width": 1280
            }
        ],
        [
            3,
            {
                "cameraType": 0,
                "distortionCoeff": [
                    4.234381675720215,
                    -44.609676361083984,
                    -0.004199783783406019,
                    -0.0020968622993677855,
                    107.26483154296875,
                    4.168720245361328,
                    -44.280757904052734,
                    106.67758178710938,
                    0.0,
                    0.0,
                    0.0,
                    0.0,
                    0.0,
                    0.0
                ],
                "extrinsics": {
                    "rotationMatrix": [
                        [
                            0.0,
                            0.0,
                            0.0
                        ],
                        [
                            0.0,
                            0.0,
                            0.0
                        ],
                        [
                            0.0,
                            0.0,
                            0.0
                        ]
                    ],
                    "specTranslation": {
                        "x": 0.0,
                        "y": 0.0,
                        "z": 0.0
                    },
                    "toCameraSocket": -1,
                    "translation": {
                        "x": 0.0,
                        "y": 0.0,
                        "z": 0.0
                    }
                },
                "height": 800,
                "intrinsicMatrix": [
                    [
                        762.6132202148438,
                        0.0,
                        645.2205200195313
                    ],
                    [
                        0.0,
                        765.8716430664063,
                        382.9164123535156
                    ],
                    [
                        0.0,
                        0.0,
                        1.0
                    ]
                ],
                "lensPosition": 0,
                "specHfovDeg": 90.0,
                "width": 1280
            }
        ]
    ],
    "hardwareConf": "F0-FV00-BC001",
    "imuExtrinsics": {
        "rotationMatrix": [
            [
                -2.220446049250313e-16,
                1.0,
                1.2246063538223773e-16
            ],
            [
                1.0,
                2.220446049250313e-16,
                0.0
            ],
            [
                -2.465190328815662e-32,
                1.2246063538223773e-16,
                -1.0
            ]
        ],
        "specTranslation": {
            "x": -7.5447998046875,
            "y": -0.04479999840259552,
            "z": 0.0
        },
        "toCameraSocket": 1,
        "translation": {
            "x": -7.5447998046875,
            "y": -0.04479999840259552,
            "z": 0.0
        }
    },
    "miscellaneousData": [],
    "productName": "OAK-D Pro AF",
    "stereoRectificationData": {
        "leftCameraSocket": 1,
        "rectifiedRotationLeft": [
            [
                0.9974063634872437,
                0.005897024180740118,
                -0.07173369079828262
            ],
            [
                -0.006050474010407925,
                0.9999798536300659,
                -0.0019220559624955058
            ],
            [
                0.0717209056019783,
                0.0023510935716331005,
                0.9974219799041748
            ]
        ],
        "rectifiedRotationRight": [
            [
                0.9980628490447998,
                -0.001203818479552865,
                -0.06220248341560364
            ],
            [
                0.0013368666404858232,
                0.9999969005584717,
                0.002097379183396697
            ],
            [
                0.06219976395368576,
                -0.002176472684368491,
                0.9980613589286804
            ]
        ],
        "rightCameraSocket": 2
    },
    "version": 7
}
